// Cu2O lattice parameter 'a':

LDA : 4.1693167
PBE : 4.2976473